[gd_scene load_steps=14 format=2]

[ext_resource path="res://Player/CameraOrbit.gd" type="Script" id=1]
[ext_resource path="res://Player/Player.gd" type="Script" id=2]
[ext_resource path="res://Overlap/SoftCollision.tscn" type="PackedScene" id=3]
[ext_resource path="res://Overlap/Damage.tscn" type="PackedScene" id=4]

[sub_resource type="CapsuleMesh" id=1]
radius = 0.5

[sub_resource type="SpatialMaterial" id=2]
flags_transparent = true
albedo_color = Color( 0.117647, 0.862745, 0.101961, 0.501961 )

[sub_resource type="CapsuleShape" id=3]
radius = 0.5

[sub_resource type="CubeMesh" id=4]
size = Vector3( 0.1, 1.5, 0.25 )

[sub_resource type="SpatialMaterial" id=5]
albedo_color = Color( 0.12549, 0.384314, 0.0352941, 1 )

[sub_resource type="CapsuleShape" id=7]
radius = 0.15
height = 1.25

[sub_resource type="Animation" id=8]
length = 0.4
step = 0.05
tracks/0/type = "value"
tracks/0/path = NodePath("WeaponHolder:rotation_degrees")
tracks/0/interp = 1
tracks/0/loop_wrap = true
tracks/0/imported = false
tracks/0/enabled = true
tracks/0/keys = {
"times": PoolRealArray( 0, 0.05, 0.25, 0.35, 0.4 ),
"transitions": PoolRealArray( 1, 1, 1, 1, 1 ),
"update": 0,
"values": [ Vector3( 0, 0, 0 ), Vector3( 0, 0, 47.099 ), Vector3( 2.71385e-14, 49.449, 90 ), Vector3( -10.086, 100.263, 90 ), Vector3( 0, 0, 0 ) ]
}
tracks/1/type = "value"
tracks/1/path = NodePath("WeaponHolder/MeleeWeaponHolder/Damage/CollisionShape:disabled")
tracks/1/interp = 1
tracks/1/loop_wrap = true
tracks/1/imported = false
tracks/1/enabled = true
tracks/1/keys = {
"times": PoolRealArray( 0.05, 0.35 ),
"transitions": PoolRealArray( 1, 1 ),
"update": 1,
"values": [ false, true ]
}

[sub_resource type="Animation" id=9]
length = 0.1
tracks/0/type = "value"
tracks/0/path = NodePath("WeaponHolder:translation")
tracks/0/interp = 1
tracks/0/loop_wrap = true
tracks/0/imported = false
tracks/0/enabled = true
tracks/0/keys = {
"times": PoolRealArray( 0 ),
"transitions": PoolRealArray( 1 ),
"update": 0,
"values": [ Vector3( -0.5, 1, 0.035 ) ]
}

[sub_resource type="CapsuleShape" id=10]
radius = 0.5

[node name="Player" type="KinematicBody"]
collision_layer = 2
script = ExtResource( 2 )

[node name="Model" type="MeshInstance" parent="."]
transform = Transform( 1, 0, 0, 0, -4.37114e-08, -1, 0, 1, -4.37114e-08, 0, 1, 0 )
mesh = SubResource( 1 )
material/0 = SubResource( 2 )

[node name="WorldCollisionShape" type="CollisionShape" parent="."]
transform = Transform( 1, 0, 0, 0, -4.37114e-08, -1, 0, 1, -4.37114e-08, 0, 1, 0 )
shape = SubResource( 3 )

[node name="CameraOrbit" type="Spatial" parent="."]
transform = Transform( 1, 0, 0, 0, 1, 0, 0, 0, 1, 0, 1, 0 )
script = ExtResource( 1 )

[node name="Camera" type="Camera" parent="CameraOrbit"]
transform = Transform( -1, 0, -8.74228e-08, 0, 1, 0, 8.74228e-08, 0, -1, -1, 1, -5 )
current = true

[node name="WeaponHolder" type="Spatial" parent="."]
transform = Transform( -0.172324, 0.178167, 0.968794, 0.984546, -4.30359e-08, 0.175126, 0.0312017, 0.984, -0.175413, -0.5, 1, 0.035 )

[node name="MeleeWeaponHolder" type="Spatial" parent="WeaponHolder"]

[node name="AttackRayCast" type="RayCast" parent="WeaponHolder/MeleeWeaponHolder"]
transform = Transform( -2.84179e-08, 1, 3.32131e-08, -0.706379, -4.35832e-08, 0.707835, 0.707836, -3.34589e-09, 0.70638, 0, 0.24311, 0.420821 )
cast_to = Vector3( 0, 0, 1 )
collision_mask = 16
collide_with_areas = true

[node name="MeshInstance" type="MeshInstance" parent="WeaponHolder/MeleeWeaponHolder"]
transform = Transform( 1, 0, 0, 0, 0.707107, -0.707107, 0, 0.707107, 0.707107, 0, 0.5, 0.5 )
mesh = SubResource( 4 )
material/0 = SubResource( 5 )

[node name="Damage" parent="WeaponHolder/MeleeWeaponHolder" instance=ExtResource( 4 )]
collision_layer = 0
collision_mask = 16

[node name="CollisionShape" parent="WeaponHolder/MeleeWeaponHolder/Damage" index="0"]
transform = Transform( 1, 0, 0, 0, 0.707107, 0.707107, 0, -0.707107, 0.707107, 0, 0.5, 0.5 )
shape = SubResource( 7 )
disabled = true

[node name="AnimationPlayer" type="AnimationPlayer" parent="."]
anims/attack = SubResource( 8 )
anims/idle = SubResource( 9 )

[node name="SoftCollision" parent="." instance=ExtResource( 3 )]

[node name="CollisionShape" parent="SoftCollision" index="0"]
transform = Transform( 1, 0, 0, 0, -4.37114e-08, 1, 0, -1, -4.37114e-08, 0, 1, 0 )
shape = SubResource( 10 )

[editable path="WeaponHolder/MeleeWeaponHolder/Damage"]
[editable path="SoftCollision"]
